espad: [0, 0, 0, 0, 1, 0]
abiert: [0, 0, 0, 0, 1, 0]
apresur: [0, 0, 1, 0, 1, 0]
cog: [0, 1, 0, 0, 0, 0]
sent: [0, 0, 1, 0, 0, 0]
decision: [1, 0, 0, 0, 0, 0]
apag: [0, 0, 0, 1, 0, 0]
ojos: [0, 0, 0, 1, 0, 0]
regres: [1, 1, 0, 0, 1, 1]
guerrer: [0, 0, 0, 0, 0, 1]
prad: [0, 1, 0, 0, 0, 0]
amon: [1, 1, 0, 0, 0, 0]
rath: [0, 0, 0, 0, 1, 0]
moviliz: [0, 0, 0, 0, 1, 0]
ven: [0, 0, 0, 0, 1, 0]
que: [0, 0, 0, 1, 0, 0]
consej: [0, 1, 0, 1, 1, 0]
disfraz: [0, 0, 0, 0, 0, 1]
cumpleañ: [1, 0, 0, 0, 0, 0]
libr: [0, 1, 1, 1, 1, 1]
aconsej: [0, 0, 1, 0, 0, 0]
inutil: [0, 0, 0, 0, 0, 1]
obstant: [0, 0, 0, 0, 1, 0]
parec: [0, 1, 0, 0, 0, 0]
paz: [1, 0, 0, 0, 0, 0]
sufr: [0, 0, 1, 0, 0, 0]
desconciert: [0, 0, 0, 0, 0, 1]
termin: [1, 0, 0, 0, 1, 1]
conflu: [0, 0, 1, 0, 0, 0]
locur: [0, 0, 0, 0, 1, 0]
helm: [0, 0, 1, 0, 0, 0]
combin: [0, 0, 1, 0, 0, 0]
cel: [0, 0, 1, 0, 0, 0]
reaparec: [0, 0, 0, 0, 0, 1]
cuest: [0, 0, 0, 0, 0, 1]
condicion: [0, 0, 0, 0, 1, 0]
guard: [1, 0, 1, 0, 0, 0]
anduin: [1, 1, 0, 0, 1, 0]
lind: [0, 0, 1, 0, 0, 0]
sombr: [0, 0, 0, 0, 1, 0]
escrib: [0, 0, 0, 0, 0, 1]
desfilader: [0, 0, 0, 1, 0, 0]
metr: [0, 0, 0, 1, 0, 0]
inminent: [0, 0, 1, 0, 0, 0]
poney: [1, 0, 0, 0, 0, 0]
traicion: [0, 1, 0, 1, 0, 0]
product: [1, 0, 0, 0, 0, 0]
enan: [0, 1, 0, 0, 0, 0]
cas: [1, 0, 1, 0, 1, 1]
luz: [0, 0, 0, 0, 1, 0]
altern: [0, 0, 0, 0, 1, 0]
aprovech: [0, 0, 1, 0, 0, 1]
bosqu: [1, 1, 1, 0, 1, 1]
asfaloth: [1, 0, 0, 0, 0, 0]
luch: [0, 0, 0, 1, 1, 1]
venc: [0, 0, 1, 0, 0, 0]
plan: [1, 0, 0, 1, 0, 0]
atraves: [0, 1, 0, 1, 0, 0]
supon: [0, 0, 0, 1, 0, 0]
amo: [0, 1, 0, 1, 0, 1]
ciud: [0, 1, 1, 0, 1, 0]
dolor: [0, 0, 0, 0, 0, 1]
cubr: [0, 0, 0, 0, 1, 0]
herenci: [1, 0, 0, 0, 0, 0]
inert: [0, 0, 0, 1, 0, 0]
estad: [0, 0, 0, 0, 1, 0]
invasor: [0, 0, 0, 0, 0, 1]
asamble: [0, 0, 1, 0, 0, 0]
traz: [1, 0, 0, 0, 0, 0]
negat: [0, 1, 0, 0, 0, 0]
terren: [0, 0, 0, 1, 0, 0]
arañ: [0, 0, 0, 1, 0, 0]
deten: [0, 0, 0, 0, 1, 0]
esper: [0, 0, 0, 0, 1, 1]
enloquec: [0, 0, 0, 0, 1, 0]
amenaz: [0, 0, 0, 1, 0, 0]
amig: [1, 1, 1, 0, 0, 0]
aniquil: [0, 1, 0, 0, 0, 0]
descans: [0, 1, 0, 0, 0, 0]
iii: [0, 0, 1, 0, 0, 0]
oponent: [0, 0, 1, 0, 0, 0]
roh: [0, 1, 1, 0, 1, 1]
tumb: [0, 1, 0, 0, 0, 0]
viajer: [0, 0, 0, 1, 0, 0]
ocurr: [0, 1, 0, 1, 1, 0]
princip: [0, 1, 0, 0, 0, 0]
arrastr: [1, 1, 0, 0, 0, 0]
tirith: [0, 1, 1, 1, 1, 1]
yend: [0, 0, 0, 1, 0, 0]
sombragr: [0, 0, 0, 0, 1, 0]
union: [0, 0, 0, 0, 0, 1]
llev: [1, 1, 1, 1, 1, 0]
noch: [1, 0, 0, 0, 0, 0]
mortuori: [0, 0, 0, 0, 1, 0]
discurs: [1, 0, 0, 0, 0, 0]
tamañ: [0, 0, 0, 0, 1, 0]
escaler: [0, 0, 0, 1, 0, 0]
car: [0, 0, 0, 0, 1, 0]
penetr: [0, 0, 0, 0, 1, 0]
trat: [1, 1, 1, 0, 1, 0]
liber: [0, 0, 1, 0, 1, 0]
griet: [0, 0, 0, 0, 0, 1]
jardiner: [1, 0, 0, 0, 0, 0]
interior: [0, 0, 1, 0, 0, 0]
serpient: [0, 0, 0, 0, 0, 1]
mat: [0, 0, 0, 0, 0, 1]
entran: [0, 0, 0, 1, 0, 0]
escuch: [0, 1, 0, 0, 0, 0]
yelm: [0, 0, 0, 0, 1, 0]
mur: [0, 0, 0, 0, 0, 1]
alli: [1, 1, 0, 0, 1, 1]
har: [0, 0, 0, 1, 0, 0]
pies: [0, 1, 0, 0, 0, 1]
destruyendos: [0, 0, 0, 0, 0, 1]
dars: [0, 0, 0, 0, 0, 1]
hor: [0, 0, 0, 0, 1, 0]
flechaz: [0, 0, 0, 0, 0, 1]
pas: [1, 1, 0, 1, 0, 1]
ents: [0, 0, 1, 0, 0, 0]
cient: [0, 0, 0, 0, 1, 0]
distint: [0, 1, 0, 0, 0, 1]
gam: [1, 0, 0, 0, 0, 0]
tramp: [1, 0, 0, 0, 0, 0]
carg: [0, 0, 0, 0, 0, 1]
sauron: [1, 1, 1, 1, 1, 1]
asist: [0, 0, 0, 0, 0, 1]
esquiv: [0, 1, 0, 0, 0, 0]
malher: [0, 0, 0, 1, 1, 0]
mil: [0, 0, 0, 0, 1, 0]
cuant: [0, 1, 0, 0, 0, 0]
dorm: [0, 0, 1, 0, 0, 0]
suces: [0, 0, 0, 0, 1, 0]
invit: [0, 1, 0, 0, 0, 0]
bre: [1, 0, 0, 0, 0, 0]
experient: [0, 0, 1, 0, 0, 0]
unic: [1, 0, 0, 1, 0, 0]
huell: [0, 0, 1, 0, 0, 0]
sobrin: [1, 0, 0, 0, 1, 0]
huir: [0, 1, 0, 1, 0, 1]
señal: [0, 0, 1, 0, 1, 0]
medi: [0, 1, 1, 0, 0, 1]
herman: [0, 1, 0, 0, 1, 1]
trop: [0, 0, 0, 1, 1, 1]
pisador: [1, 0, 0, 0, 0, 0]
campament: [0, 0, 1, 0, 0, 0]
tra: [0, 0, 0, 0, 1, 0]
roj: [0, 0, 0, 0, 1, 1]
asi: [1, 0, 1, 1, 1, 1]
sorprend: [1, 0, 0, 0, 1, 0]
acab: [1, 0, 0, 1, 1, 1]
reflexion: [0, 1, 0, 0, 0, 0]
cansanci: [0, 0, 1, 0, 0, 0]
bolson: [1, 0, 0, 0, 0, 0]
abism: [0, 1, 1, 0, 0, 0]
grond: [0, 0, 0, 0, 1, 0]
fold: [0, 0, 1, 0, 0, 0]
victori: [0, 0, 0, 0, 1, 0]
hobbits: [1, 1, 1, 1, 0, 1]
atrap: [1, 0, 1, 1, 0, 0]
cerr: [1, 0, 0, 0, 0, 1]
caballer: [0, 0, 1, 0, 0, 0]
estorb: [0, 0, 0, 0, 1, 0]
irse: [1, 0, 0, 0, 0, 0]
enfrent: [0, 1, 0, 0, 1, 0]
flech: [0, 0, 0, 0, 1, 0]
estoc: [0, 0, 0, 0, 1, 0]
inic: [0, 1, 0, 0, 0, 0]
volte: [0, 0, 0, 0, 1, 0]
culmin: [0, 0, 1, 0, 0, 0]
siti: [0, 0, 0, 0, 1, 0]
gris: [0, 0, 0, 0, 0, 1]
elrond: [1, 1, 0, 0, 0, 1]
camp: [1, 0, 1, 0, 1, 0]
estan: [0, 0, 1, 0, 0, 0]
acebed: [0, 1, 0, 0, 0, 0]
lader: [0, 0, 0, 0, 0, 1]
enemig: [0, 1, 0, 1, 1, 1]
deb: [0, 1, 0, 0, 1, 0]
fueg: [0, 1, 0, 1, 0, 0]
descu: [0, 0, 0, 1, 0, 0]
isildur: [1, 0, 0, 0, 1, 0]
sûl: [1, 0, 0, 0, 0, 0]
braz: [0, 0, 0, 0, 1, 0]
latig: [0, 1, 0, 0, 0, 0]
dunlendin: [0, 0, 0, 0, 0, 1]
ultim: [1, 0, 1, 0, 0, 1]
cre: [0, 1, 0, 0, 0, 0]
gigantesc: [0, 0, 0, 0, 1, 0]
defin: [0, 0, 1, 0, 0, 0]
haran: [0, 0, 1, 0, 0, 0]
quint: [0, 0, 0, 0, 1, 0]
anul: [0, 0, 0, 0, 0, 1]
refugi: [0, 0, 1, 0, 0, 0]
escaramuz: [0, 0, 0, 1, 0, 0]
descarg: [0, 0, 0, 0, 1, 0]
lancer: [0, 0, 0, 0, 1, 0]
persegu: [1, 0, 1, 0, 0, 0]
gimli: [0, 1, 1, 0, 1, 0]
derrot: [0, 1, 1, 0, 0, 1]
meduseld: [0, 0, 1, 0, 0, 0]
separ: [0, 0, 1, 1, 0, 0]
si: [0, 0, 0, 1, 0, 0]
sal: [1, 1, 0, 1, 1, 0]
lanz: [0, 0, 0, 0, 1, 0]
veloz: [0, 0, 0, 0, 1, 0]
khaz: [0, 1, 0, 0, 0, 0]
just: [0, 0, 0, 1, 1, 0]
lom: [0, 0, 0, 0, 1, 0]
dese: [1, 0, 0, 0, 0, 0]
vio: [0, 1, 0, 0, 1, 0]
bord: [0, 0, 0, 0, 0, 1]
faram: [0, 0, 0, 1, 1, 1]
lothlori: [0, 1, 0, 0, 0, 0]
retuv: [0, 1, 0, 0, 0, 0]
hobbit: [1, 1, 1, 1, 0, 0]
ucorn: [1, 0, 1, 0, 0, 0]
oblig: [0, 1, 1, 1, 1, 0]
repon: [0, 0, 1, 0, 0, 0]
hombr: [0, 0, 0, 0, 1, 0]
apoder: [0, 0, 0, 0, 0, 1]
codici: [0, 0, 0, 0, 0, 1]
aguil: [0, 0, 0, 0, 0, 1]
tard: [0, 1, 1, 0, 0, 1]
contradiccion: [0, 0, 0, 1, 0, 0]
adentr: [1, 0, 0, 0, 0, 0]
humill: [0, 0, 0, 0, 0, 1]
viej: [1, 0, 0, 0, 0, 1]
part: [1, 1, 1, 1, 1, 1]
servidor: [1, 0, 0, 0, 0, 0]
nob: [1, 0, 0, 0, 0, 0]
curs: [0, 1, 0, 0, 0, 0]
transmit: [0, 0, 0, 0, 1, 0]
muert: [0, 1, 0, 1, 1, 1]
hij: [0, 0, 0, 0, 1, 1]
dispus: [0, 0, 0, 0, 1, 0]
aventur: [0, 0, 0, 0, 0, 1]
antigu: [0, 1, 0, 0, 0, 0]
pretext: [1, 0, 0, 0, 0, 0]
estar: [0, 1, 0, 0, 0, 0]
descubr: [0, 0, 1, 1, 0, 0]
mostr: [0, 0, 0, 0, 1, 0]
cienag: [0, 0, 0, 1, 0, 0]
hald: [0, 1, 0, 0, 0, 0]
comenz: [0, 1, 0, 0, 1, 0]
finaliz: [0, 0, 0, 0, 1, 0]
quit: [0, 1, 1, 0, 0, 0]
escombr: [0, 0, 1, 0, 0, 0]
inclu: [0, 0, 0, 0, 1, 0]
bar: [0, 0, 1, 0, 0, 0]
arrebat: [1, 0, 0, 0, 0, 0]
inconscient: [0, 0, 0, 1, 0, 1]
defens: [0, 1, 1, 0, 0, 0]
muer: [0, 0, 1, 0, 1, 0]
neg: [1, 0, 0, 0, 1, 1]
rechaz: [0, 1, 0, 0, 0, 0]
krak: [0, 1, 0, 0, 0, 0]
encarg: [0, 1, 0, 0, 0, 0]
espes: [0, 0, 0, 0, 1, 0]
rect: [0, 0, 0, 1, 0, 0]
mazarbul: [0, 1, 0, 0, 0, 0]
viv: [1, 0, 1, 0, 0, 0]
ocasion: [1, 0, 0, 0, 0, 0]
pos: [1, 0, 0, 0, 0, 0]
puest: [0, 0, 1, 0, 1, 0]
capital: [0, 0, 1, 0, 0, 0]
golp: [0, 0, 0, 0, 1, 0]
despert: [0, 1, 0, 0, 0, 1]
emyn: [0, 0, 0, 1, 0, 0]
remat: [0, 0, 0, 0, 1, 0]
alcanz: [0, 1, 0, 0, 0, 0]
acud: [1, 1, 0, 0, 1, 1]
continu: [0, 0, 0, 1, 0, 1]
sarum: [0, 1, 1, 0, 0, 1]
grim: [0, 0, 1, 0, 0, 1]
principal: [1, 0, 0, 0, 0, 0]
vall: [0, 0, 0, 1, 0, 0]
cot: [0, 0, 0, 0, 0, 1]
reun: [1, 0, 0, 0, 1, 0]
mund: [0, 0, 1, 0, 0, 0]
eor: [0, 0, 1, 0, 0, 0]
ent: [0, 0, 1, 0, 0, 0]
air: [0, 0, 0, 0, 0, 1]
form: [0, 1, 0, 0, 0, 0]
'': [0, 0, 0, 1, 0, 0]
crinblanc: [0, 0, 0, 0, 1, 0]
dias: [1, 1, 0, 1, 1, 1]
dunad: [0, 0, 0, 0, 1, 0]
mas: [0, 1, 1, 0, 1, 1]
lav: [0, 0, 0, 0, 0, 1]
descubiert: [1, 0, 0, 1, 0, 0]
el: [1, 1, 1, 1, 1, 1]
fracas: [0, 0, 0, 0, 1, 0]
eowyn: [0, 0, 0, 0, 1, 1]
rio: [1, 1, 0, 0, 1, 0]
obras: [0, 0, 0, 0, 0, 1]
defend: [1, 0, 1, 0, 0, 0]
involuntari: [0, 0, 1, 0, 0, 0]
custodi: [0, 0, 1, 1, 0, 0]
ellad: [0, 0, 0, 0, 1, 0]
celeborn: [0, 1, 0, 0, 0, 0]
veint: [1, 0, 0, 0, 0, 0]
ejerc: [0, 0, 1, 0, 0, 0]
agot: [0, 0, 0, 0, 0, 1]
habit: [0, 0, 0, 0, 1, 0]
vigil: [0, 0, 0, 1, 0, 0]
blanc: [0, 0, 1, 0, 0, 0]
corsari: [0, 0, 0, 0, 1, 0]
habr: [0, 0, 1, 0, 0, 0]
jef: [0, 0, 0, 0, 1, 0]
año: [0, 0, 0, 0, 0, 1]
pippin: [1, 1, 1, 0, 1, 1]
defraud: [0, 0, 0, 1, 0, 0]
gwaih: [0, 0, 0, 0, 0, 1]
misteri: [1, 0, 0, 0, 0, 0]
rumb: [0, 0, 0, 0, 0, 1]
torech: [0, 0, 0, 1, 0, 0]
perd: [1, 0, 0, 0, 0, 0]
elfo: [1, 1, 0, 0, 0, 0]
mes: [0, 1, 0, 0, 0, 1]
encontr: [1, 1, 0, 0, 1, 1]
deud: [0, 0, 0, 0, 1, 0]
precipit: [0, 0, 1, 0, 0, 0]
acontec: [0, 1, 1, 0, 0, 0]
ejercit: [0, 0, 1, 0, 1, 0]
oportun: [0, 0, 1, 0, 0, 0]
ella-larañ: [0, 0, 0, 1, 0, 0]
exterior: [0, 0, 1, 0, 0, 0]
comienz: [1, 0, 0, 1, 1, 1]
brun: [0, 0, 0, 0, 0, 1]
ropaj: [0, 0, 0, 0, 1, 1]
disfrut: [0, 0, 1, 0, 0, 0]
pelennor: [0, 0, 0, 0, 1, 0]
reconstruccion: [0, 0, 0, 0, 0, 1]
dirig: [0, 0, 1, 0, 1, 1]
mision: [0, 0, 0, 1, 1, 0]
fatig: [0, 0, 1, 0, 0, 0]
mont: [1, 0, 0, 0, 1, 1]
barad-dûr: [0, 0, 1, 0, 0, 0]
desvi: [0, 0, 0, 0, 1, 0]
pus: [1, 1, 0, 0, 0, 1]
dandol: [1, 0, 0, 0, 0, 0]
cazador: [0, 0, 1, 0, 0, 0]
viaj: [1, 1, 0, 1, 1, 1]
dernhelm: [0, 0, 0, 0, 1, 0]
qued: [1, 0, 1, 0, 1, 0]
intencion: [0, 0, 1, 0, 1, 0]
intervencion: [0, 0, 0, 1, 0, 0]
fronter: [0, 0, 0, 0, 0, 1]
baj: [0, 0, 0, 0, 1, 0]
arnor: [1, 0, 0, 0, 0, 0]
gravement: [0, 0, 0, 0, 1, 0]
usad: [0, 1, 0, 1, 0, 0]
cen: [0, 0, 0, 0, 1, 0]
estrategi: [0, 0, 1, 0, 0, 0]
man: [0, 0, 1, 0, 0, 1]
final: [0, 0, 1, 1, 0, 0]
prefij: [0, 0, 1, 0, 0, 0]
visit: [0, 0, 0, 0, 1, 1]
encerr: [0, 1, 1, 0, 0, 0]
convoc: [0, 0, 1, 0, 1, 0]
histori: [0, 0, 1, 0, 0, 0]
cuent: [0, 0, 1, 0, 0, 0]
previ: [0, 0, 1, 0, 0, 0]
narr: [0, 1, 0, 0, 0, 0]
curacion: [0, 1, 0, 0, 0, 0]
clim: [0, 1, 0, 0, 0, 0]
destru: [0, 1, 1, 0, 0, 0]
desat: [0, 0, 0, 1, 0, 0]
sender: [0, 0, 0, 0, 1, 1]
reencontr: [0, 0, 1, 0, 0, 1]
intrig: [0, 0, 1, 0, 0, 0]
ramm: [0, 0, 0, 0, 1, 0]
sintom: [0, 0, 0, 0, 1, 0]
captur: [1, 1, 0, 1, 0, 0]
abaj: [0, 0, 0, 0, 0, 1]
caradhr: [0, 1, 0, 0, 0, 0]
region: [0, 0, 0, 0, 1, 0]
poder: [0, 1, 0, 0, 0, 0]
encuentr: [1, 0, 1, 1, 1, 1]
isen: [0, 0, 0, 0, 1, 0]
retract: [0, 0, 1, 0, 0, 0]
sur: [0, 0, 0, 0, 1, 0]
dispon: [0, 0, 0, 0, 1, 0]
emisari: [0, 0, 0, 0, 1, 0]
cancion: [1, 0, 0, 0, 0, 0]
rescat: [0, 0, 1, 1, 1, 1]
ungol: [0, 0, 0, 1, 0, 1]
romp: [0, 0, 0, 0, 1, 0]
incapaz: [0, 0, 0, 0, 0, 1]
cont: [0, 1, 0, 0, 0, 0]
pelarg: [0, 0, 0, 0, 1, 0]
cabalgat: [0, 0, 0, 0, 1, 0]
hir: [1, 0, 0, 0, 0, 0]
lag: [0, 1, 0, 0, 0, 0]
aparec: [0, 1, 0, 1, 0, 0]
samsagaz: [1, 0, 0, 0, 0, 0]
orill: [0, 1, 0, 0, 0, 0]
quebr: [1, 0, 0, 0, 0, 0]
druad: [0, 0, 0, 0, 1, 0]
fisic: [0, 0, 0, 0, 0, 1]
elroh: [0, 0, 0, 0, 1, 0]
monstru: [0, 1, 0, 0, 0, 0]
rein: [0, 0, 1, 1, 0, 0]
march: [0, 0, 0, 1, 0, 1]
moment: [0, 0, 0, 0, 0, 1]
gratitud: [0, 0, 0, 0, 1, 0]
borom: [0, 1, 1, 0, 1, 0]
descend: [0, 0, 0, 1, 0, 0]
esta: [0, 0, 0, 1, 0, 0]
cam: [0, 1, 0, 0, 0, 0]
dûm: [0, 1, 0, 0, 0, 0]
volunt: [0, 0, 0, 0, 0, 1]
vision: [0, 0, 1, 0, 0, 0]
alegr: [0, 0, 0, 0, 0, 1]
moribund: [0, 0, 0, 0, 1, 0]
hab: [1, 1, 0, 1, 1, 1]
camin: [1, 1, 0, 1, 1, 1]
compañ: [0, 0, 0, 1, 1, 1]
anill: [1, 1, 0, 1, 0, 1]
ley: [0, 0, 0, 1, 0, 0]
»: [1, 0, 1, 1, 0, 0]
represent: [0, 1, 1, 0, 0, 0]
gamyi: [1, 0, 0, 0, 0, 0]
enorm: [0, 0, 0, 1, 0, 0]
destin: [1, 0, 0, 0, 0, 1]
impereceder: [0, 0, 0, 0, 0, 1]
imposibilit: [0, 0, 0, 1, 0, 0]
este: [0, 1, 1, 0, 0, 1]
quer: [0, 1, 0, 0, 0, 0]
trep: [0, 0, 0, 0, 0, 1]
evit: [1, 0, 0, 0, 0, 0]
sam: [0, 1, 1, 1, 0, 1]
negr: [0, 1, 0, 1, 1, 1]
delagu: [0, 0, 0, 0, 0, 1]
prepar: [0, 0, 1, 1, 0, 0]
supondr: [0, 0, 0, 0, 1, 0]
lengu: [0, 0, 0, 0, 0, 1]
morgai: [0, 0, 0, 1, 0, 0]
sarn: [0, 1, 0, 0, 0, 0]
geb: [0, 1, 0, 0, 0, 0]
dej: [1, 0, 1, 1, 0, 1]
asemej: [0, 0, 0, 1, 0, 0]
galadriel: [0, 1, 0, 0, 1, 1]
par: [1, 0, 0, 0, 0, 0]
relat: [0, 0, 1, 0, 0, 0]
cercan: [0, 1, 0, 0, 0, 0]
cantid: [0, 0, 0, 1, 0, 0]
ghân-buri-ghân: [0, 0, 0, 0, 1, 0]
orcos: [0, 1, 1, 1, 1, 1]
influenci: [0, 0, 1, 0, 0, 0]
pon: [1, 0, 1, 1, 0, 1]
consum: [0, 0, 0, 0, 0, 1]
obsesion: [0, 0, 0, 1, 0, 0]
interpon: [0, 0, 0, 0, 1, 0]
concili: [0, 1, 0, 0, 0, 0]
territori: [0, 0, 1, 0, 0, 0]
tambien: [1, 1, 0, 1, 1, 0]
tambor: [0, 1, 0, 0, 0, 0]
estall: [0, 0, 0, 0, 0, 1]
nombr: [0, 0, 0, 0, 0, 1]
asent: [0, 1, 0, 0, 0, 0]
harlond: [0, 0, 0, 0, 1, 0]
escen: [0, 0, 0, 0, 1, 0]
acerc: [0, 1, 0, 0, 0, 0]
coment: [0, 0, 0, 1, 0, 0]
111º: [1, 0, 0, 0, 0, 0]
gal: [0, 1, 1, 0, 1, 0]
curios: [0, 0, 1, 0, 0, 0]
parth: [0, 1, 1, 0, 1, 0]
venen: [0, 0, 0, 1, 0, 0]
recuper: [0, 0, 0, 0, 0, 1]
decid: [1, 1, 1, 1, 1, 0]
hirgon: [0, 0, 0, 0, 1, 0]
grup: [0, 0, 0, 1, 1, 0]
ve: [0, 0, 0, 1, 0, 0]
tortur: [0, 0, 1, 0, 0, 0]
tendon: [0, 0, 0, 0, 1, 0]
batall: [0, 0, 1, 0, 1, 1]
corrient: [1, 0, 0, 0, 0, 0]
tumul: [1, 0, 0, 0, 0, 0]
puebl: [0, 1, 0, 0, 0, 0]
raz: [0, 0, 0, 0, 1, 0]
sext: [0, 0, 0, 0, 1, 0]
min: [0, 1, 1, 1, 1, 1]
aparent: [0, 0, 1, 1, 0, 0]
inform: [1, 1, 1, 0, 1, 1]
merry: [1, 1, 1, 0, 1, 1]
maldicion: [0, 0, 0, 0, 1, 0]
edor: [0, 0, 1, 0, 1, 1]
rest: [1, 1, 0, 1, 0, 0]
guardian: [0, 1, 0, 0, 0, 0]
entra: [0, 0, 0, 1, 1, 0]
oest: [0, 1, 1, 0, 0, 1]
huid: [0, 0, 1, 0, 0, 0]
mill: [0, 0, 0, 0, 1, 0]
envi: [0, 0, 0, 0, 1, 0]
neces: [0, 0, 0, 0, 1, 0]
niebl: [1, 0, 0, 0, 0, 0]
atac: [1, 1, 0, 1, 1, 1]
bruin: [1, 0, 0, 0, 0, 0]
barc: [0, 1, 0, 0, 1, 1]
cans: [0, 0, 0, 0, 0, 1]
despues: [1, 1, 0, 0, 0, 1]
enter: [0, 0, 1, 0, 0, 0]
motiv: [1, 0, 0, 1, 0, 0]
senescal: [0, 1, 0, 0, 1, 1]
ser: [0, 0, 0, 0, 1, 0]
junt: [0, 0, 0, 0, 0, 1]
demand: [0, 0, 0, 0, 1, 0]
segu: [0, 1, 1, 0, 0, 1]
ascend: [0, 0, 0, 1, 0, 1]
des: [0, 1, 0, 0, 0, 0]
orodruin: [0, 1, 0, 0, 0, 1]
alert: [1, 0, 0, 1, 1, 0]
sol: [0, 0, 0, 0, 1, 0]
convirt: [0, 0, 0, 0, 0, 1]
mordor: [0, 1, 0, 1, 1, 0]
cant: [1, 0, 0, 0, 0, 0]
atencion: [0, 0, 0, 0, 1, 0]
deshech: [0, 0, 0, 0, 0, 1]
present: [0, 0, 0, 0, 1, 0]
acamp: [0, 0, 0, 0, 1, 0]
circul: [0, 0, 0, 0, 1, 0]
argument: [0, 0, 0, 1, 0, 0]
huy: [0, 0, 0, 0, 1, 0]
previst: [0, 0, 0, 0, 0, 1]
señor: [1, 1, 1, 0, 0, 0]
eregion: [0, 1, 0, 0, 0, 0]
rohirrim: [0, 0, 1, 0, 1, 0]
debat: [0, 0, 0, 1, 0, 0]
magic: [1, 0, 0, 0, 0, 0]
ocult: [0, 0, 0, 1, 1, 0]
barbol: [0, 0, 1, 0, 0, 1]
enseñ: [1, 0, 0, 0, 0, 0]
conduc: [0, 0, 0, 0, 0, 1]
flot: [0, 0, 0, 0, 1, 0]
exanim: [0, 0, 0, 0, 0, 1]
bruj: [0, 0, 0, 1, 1, 0]
cuerp: [0, 0, 0, 1, 1, 1]
nub: [0, 0, 0, 0, 1, 0]
oirs: [0, 1, 0, 0, 0, 0]
demas: [0, 1, 0, 0, 0, 0]
permit: [0, 0, 0, 1, 0, 0]
años: [1, 0, 0, 0, 0, 0]
peripeci: [0, 0, 1, 0, 0, 0]
actos: [0, 0, 1, 0, 0, 0]
orthanc: [0, 0, 1, 0, 0, 1]
existent: [0, 0, 0, 1, 0, 0]
ded: [0, 0, 0, 0, 0, 1]
halit: [0, 0, 0, 0, 1, 0]
desastr: [1, 0, 0, 0, 0, 0]
invis: [0, 0, 0, 0, 0, 1]
cae: [0, 0, 0, 0, 0, 1]
retir: [0, 0, 0, 0, 1, 0]
logr: [1, 1, 0, 0, 1, 1]
servici: [0, 0, 0, 0, 1, 0]
acompañ: [1, 1, 0, 0, 1, 1]
intern: [0, 0, 1, 0, 0, 0]
desped: [0, 0, 0, 0, 0, 1]
cumpl: [0, 0, 0, 0, 1, 0]
congener: [0, 0, 1, 0, 0, 0]
salv: [1, 0, 1, 0, 0, 0]
segun: [0, 0, 0, 0, 1, 0]
graci: [1, 0, 0, 1, 1, 0]
mall: [0, 0, 0, 0, 0, 1]
rivendel: [1, 1, 0, 0, 0, 1]
balrog: [0, 1, 0, 0, 0, 0]
tom: [1, 0, 1, 1, 1, 1]
pres: [0, 1, 0, 0, 0, 0]
perec: [0, 0, 1, 0, 0, 0]
persecu: [0, 0, 1, 0, 0, 0]
integr: [0, 0, 1, 0, 0, 0]
uruk-hai: [0, 0, 1, 0, 0, 0]
hurtadill: [0, 0, 0, 1, 0, 0]
inmoviliz: [0, 0, 0, 1, 0, 0]
sirvient: [0, 0, 1, 0, 0, 0]
pronunci: [1, 0, 0, 0, 0, 0]
bilb: [1, 0, 0, 0, 0, 1]
quem: [0, 0, 0, 0, 1, 0]
ardid: [0, 0, 1, 0, 0, 0]
pic: [0, 0, 0, 1, 0, 0]
malign: [0, 0, 1, 0, 0, 0]
eom: [0, 0, 1, 0, 1, 1]
ariet: [0, 0, 0, 0, 1, 0]
legol: [0, 1, 1, 0, 1, 0]
peligr: [0, 1, 1, 0, 0, 0]
accion: [0, 0, 1, 0, 0, 0]
sab: [1, 0, 0, 0, 0, 0]
impos: [0, 0, 0, 0, 1, 0]
tiend: [1, 0, 0, 0, 0, 0]
estos: [0, 0, 0, 0, 1, 0]
vad: [1, 0, 0, 0, 1, 0]
gondor: [0, 1, 1, 0, 1, 1]
comarc: [1, 0, 0, 0, 0, 1]
proteg: [0, 1, 1, 0, 0, 0]
trab: [0, 0, 0, 0, 1, 0]
saneamient: [0, 0, 0, 0, 0, 1]
apen: [0, 1, 0, 0, 0, 0]
glorfindel: [1, 0, 0, 0, 0, 0]
desayun: [0, 0, 1, 0, 0, 0]
tesor: [0, 0, 0, 0, 0, 1]
rop: [0, 0, 1, 0, 0, 0]
recib: [0, 0, 1, 0, 1, 1]
destruyer: [0, 1, 0, 0, 0, 0]
coron: [0, 0, 0, 0, 0, 1]
isengard: [0, 1, 1, 0, 0, 0]
balin: [0, 1, 0, 0, 0, 0]
persig: [1, 0, 0, 0, 0, 0]
ident: [0, 0, 0, 0, 1, 0]
asust: [0, 0, 0, 0, 1, 0]
cobij: [0, 1, 0, 0, 0, 0]
complet: [0, 0, 1, 0, 0, 0]
elfic: [0, 1, 0, 0, 0, 0]
convincent: [0, 0, 0, 1, 0, 0]
prep: [0, 0, 1, 0, 0, 0]
dia: [1, 0, 1, 0, 1, 0]
ithili: [0, 0, 0, 1, 0, 1]
jinet: [0, 0, 0, 0, 1, 0]
apoy: [0, 0, 0, 0, 1, 0]
sabi: [1, 0, 0, 0, 0, 0]
pir: [0, 0, 0, 0, 1, 0]
arwen: [0, 0, 0, 0, 0, 1]
problem: [0, 0, 0, 0, 1, 0]
mir: [0, 0, 1, 0, 0, 0]
jurament: [0, 0, 0, 0, 1, 0]
comun: [0, 1, 0, 0, 0, 0]
frent: [0, 0, 1, 0, 0, 0]
vuelt: [0, 1, 0, 0, 1, 0]
mithril: [0, 0, 0, 0, 0, 1]
gui: [0, 0, 0, 1, 0, 0]
sient: [0, 0, 0, 1, 0, 0]
frod: [1, 1, 1, 1, 1, 1]
arroj: [0, 1, 1, 0, 0, 1]
sigu: [0, 1, 0, 1, 0, 0]
desaparec: [1, 0, 0, 1, 0, 0]
inici: [0, 0, 0, 0, 1, 1]
naur: [0, 0, 0, 0, 0, 1]
dialog: [0, 0, 1, 0, 0, 0]
mit: [0, 0, 0, 0, 0, 1]
montañ: [0, 1, 0, 0, 0, 1]
vag: [0, 0, 0, 1, 0, 0]
caball: [1, 0, 0, 0, 1, 0]
puent: [0, 1, 0, 0, 0, 0]
pequeñ: [1, 0, 0, 0, 0, 0]
fangorn: [0, 0, 1, 0, 0, 0]
sum: [0, 0, 0, 0, 1, 0]
gigant: [0, 0, 0, 1, 0, 0]
dud: [1, 0, 0, 0, 0, 0]
resistent: [0, 0, 0, 0, 1, 0]
funerari: [0, 0, 0, 0, 1, 0]
intent: [0, 1, 0, 0, 0, 0]
cos: [0, 0, 1, 0, 0, 0]
miembr: [0, 1, 0, 0, 0, 1]
dol: [0, 0, 1, 0, 0, 0]
pes: [0, 0, 0, 0, 0, 1]
halbar: [0, 0, 0, 0, 1, 0]
mag: [1, 1, 1, 0, 0, 1]
gladi: [1, 0, 0, 0, 0, 0]
aragorn: [1, 1, 1, 0, 1, 1]
lob: [0, 1, 0, 0, 0, 0]
tumulari: [1, 0, 0, 0, 0, 0]
ende: [0, 0, 1, 0, 0, 0]
produc: [0, 0, 1, 0, 0, 1]
recorr: [0, 0, 0, 1, 0, 0]
ayud: [1, 0, 1, 0, 1, 1]
hombre-sauc: [1, 0, 0, 0, 0, 0]
fuerz: [0, 0, 1, 0, 1, 0]
repleg: [0, 0, 1, 0, 0, 0]
apart: [0, 1, 0, 0, 0, 0]
entreg: [0, 0, 0, 0, 0, 1]
graved: [1, 0, 0, 0, 0, 0]
personaj: [1, 0, 0, 0, 0, 0]
consigu: [0, 1, 0, 1, 0, 0]
montarac: [0, 0, 0, 1, 1, 0]
revel: [0, 1, 1, 0, 1, 0]
din: [0, 0, 0, 0, 1, 0]
mal: [0, 1, 0, 0, 0, 0]
oye: [0, 0, 0, 1, 0, 0]
palant: [0, 0, 1, 0, 0, 0]
com: [0, 0, 0, 1, 0, 0]
armas: [1, 0, 0, 0, 0, 0]
pag: [0, 0, 0, 0, 1, 0]
batidor: [0, 0, 0, 0, 1, 0]
contraatac: [0, 0, 0, 0, 0, 1]
derrib: [0, 0, 0, 0, 1, 0]
reencuentr: [0, 0, 1, 0, 0, 0]
facilit: [0, 0, 0, 0, 0, 1]
oscur: [1, 0, 1, 0, 0, 0]
cruz: [0, 1, 0, 0, 0, 0]
ofrec: [0, 1, 0, 0, 1, 0]
pud: [1, 0, 0, 0, 0, 0]
horribl: [0, 0, 1, 0, 0, 0]
ide: [0, 0, 0, 0, 1, 0]
druedain: [0, 0, 0, 0, 1, 0]
hobbiton: [0, 0, 0, 0, 0, 1]
gandalf: [1, 1, 1, 0, 1, 1]
celebr: [1, 1, 0, 0, 0, 0]
darl: [0, 0, 1, 0, 0, 0]
replieg: [0, 0, 1, 0, 0, 0]
fiest: [1, 0, 0, 0, 0, 0]
mori: [0, 1, 0, 1, 0, 0]
capitul: [0, 0, 1, 0, 0, 0]
ten: [1, 0, 0, 0, 0, 0]
tranquil: [1, 0, 0, 0, 0, 0]
puert: [0, 1, 1, 1, 1, 1]
personal: [0, 0, 0, 1, 0, 0]
capitan: [0, 0, 0, 1, 1, 0]
afortun: [0, 0, 0, 1, 0, 0]
elfos: [0, 1, 0, 0, 0, 1]
fuer: [0, 0, 0, 0, 1, 0]
pens: [0, 0, 1, 0, 0, 0]
tem: [0, 1, 0, 0, 0, 0]
orden: [1, 1, 0, 0, 0, 1]
cabalg: [0, 0, 0, 0, 1, 0]
toqu: [1, 0, 0, 0, 0, 0]
torr: [0, 0, 1, 1, 0, 0]
cird: [0, 0, 0, 0, 0, 1]
arranc: [0, 0, 0, 0, 0, 1]
echor: [0, 0, 0, 0, 1, 0]
nubl: [0, 1, 0, 0, 0, 0]
denethor: [0, 0, 0, 0, 1, 0]
apres: [0, 0, 1, 0, 0, 0]
busc: [1, 1, 0, 1, 1, 1]
comit: [0, 0, 1, 0, 0, 1]
morgul: [0, 0, 0, 1, 0, 0]
desafortun: [0, 0, 1, 0, 0, 0]
agu: [0, 1, 0, 0, 0, 0]
convenc: [1, 1, 0, 0, 0, 0]
presenci: [0, 0, 0, 1, 1, 0]
comunic: [0, 0, 1, 0, 0, 0]
objet: [0, 0, 1, 1, 0, 0]
manten: [0, 0, 1, 0, 0, 0]
her: [0, 0, 0, 0, 1, 1]
theod: [0, 0, 1, 0, 1, 1]
umbar: [0, 0, 0, 0, 1, 0]
alde: [1, 0, 0, 0, 0, 0]
cayend: [0, 0, 0, 0, 1, 0]
mariscal: [0, 0, 1, 0, 0, 0]
accidental: [1, 0, 0, 0, 0, 0]
lleg: [1, 1, 1, 1, 1, 1]
sorpres: [0, 0, 1, 0, 0, 0]
traves: [0, 0, 1, 0, 0, 0]
ataqu: [0, 0, 1, 0, 1, 0]
escap: [1, 1, 1, 1, 0, 1]
escond: [0, 1, 0, 0, 0, 0]
numer: [0, 1, 0, 0, 0, 0]
observ: [0, 0, 0, 0, 1, 0]
divid: [0, 0, 1, 0, 0, 0]
cirith: [0, 0, 0, 1, 0, 1]
emprend: [0, 0, 0, 1, 0, 1]
sammath: [0, 0, 0, 0, 0, 1]
obra: [1, 0, 0, 0, 0, 0]
vuelv: [0, 0, 0, 1, 1, 0]
despiert: [0, 0, 0, 0, 0, 1]
notici: [1, 0, 1, 0, 0, 0]
combat: [1, 0, 0, 0, 0, 0]
entrar: [0, 0, 0, 1, 1, 0]
gollum: [1, 0, 0, 1, 0, 1]
mordisc: [0, 0, 0, 0, 0, 1]
cai: [0, 1, 0, 0, 0, 0]
incorpor: [0, 0, 0, 0, 0, 1]
hen: [0, 1, 0, 0, 0, 0]
treinten: [0, 0, 1, 0, 0, 0]
bombadil: [1, 0, 0, 0, 0, 1]
condujeron: [0, 1, 0, 0, 0, 0]
nieg: [0, 0, 1, 0, 0, 0]
nort: [0, 0, 0, 0, 1, 0]
discusion: [1, 0, 0, 0, 0, 0]
criatur: [1, 0, 0, 1, 0, 1]
retroced: [0, 0, 0, 0, 1, 0]
muil: [0, 0, 0, 1, 0, 0]
sagrari: [0, 0, 0, 0, 1, 0]
tierr: [0, 1, 0, 0, 0, 1]
convert: [0, 0, 1, 0, 0, 0]
ped: [0, 1, 0, 0, 0, 0]
conoc: [0, 0, 0, 0, 1, 1]
rey: [1, 0, 1, 1, 1, 1]
llam: [1, 1, 0, 0, 1, 1]
hereder: [0, 1, 0, 0, 0, 0]
narracion: [0, 0, 1, 0, 0, 0]
funeral: [0, 0, 0, 0, 0, 1]
nazgûl: [1, 1, 0, 0, 1, 1]
